#        omega_cdm,                h,     ln10^{10}A_s,             b1_1,             b1_2,             b1_3,             b1_4,             b1_5,             b1_6,             c2_1,             c2_2,             c2_3,             c2_4,             c2_5,             c2_6,           b1gs_1,           b1gs_2,           b1gs_3,           b1gs_4,           b1gs_5,           b1gs_6,           c2gs_1,           c2gs_2,           c2gs_3,           c2gs_4,           c2gs_5,           c2gs_6,           bmag_1,           bmag_2,           bmag_3,           bmag_4,           bmag_5,           bmag_6,            dzs_1,            dzs_2,            dzs_3,            dzs_4,            dzl_1,            dzl_2,            dzl_3,            dzl_4,            dzl_5,            dzl_6,            szl_1,            szl_2,            szl_3,            szl_4,            szl_5,            szl_6,                A,            alpha,              m_1,              m_2,              m_3,              m_4,          Omega_m,           sigma8,              A_s
 1.575577e-04	 5.570438e-04	-5.993836e-04	-2.721253e-04	-3.728335e-04	-5.328752e-04	-4.328082e-04	-4.459959e-04	-6.569202e-04	 1.794852e-04	 2.609458e-04	 5.145397e-04	 3.627064e-04	 4.640805e-04	 5.684287e-04	-3.282829e-04	-4.808187e-04	-6.410593e-04	-4.971597e-04	-5.423760e-04	-8.450603e-04	-3.583990e-04	-3.060641e-04	-2.092337e-04	-3.693434e-04	-1.064040e-04	 6.091492e-05	-4.576683e-04	 1.795718e-04	 1.148350e-05	-1.695944e-04	-3.258217e-04	-4.245905e-04	 5.911807e-06	 3.551500e-06	-1.911818e-06	-2.899341e-05	 1.512069e-06	-1.085144e-05	 5.413517e-06	 2.442166e-06	-2.700276e-06	-9.288625e-06	-8.730519e-06	-9.857721e-06	-5.754520e-05	-1.980946e-05	-1.460670e-05	-1.705010e-05	 4.684833e-04	 3.077076e-03	-9.067151e-06	 2.013400e-06	 2.285675e-06	 2.622509e-06	-1.350206e-04	 5.103903e-04	-1.179612e-12	
 5.570438e-04	 2.989625e-03	 6.505700e-04	-3.501107e-03	-4.062891e-03	-5.583915e-03	-5.030360e-03	-4.232691e-03	-5.626143e-03	-7.492039e-04	-4.320830e-04	-4.331963e-04	-1.286089e-03	-6.382852e-04	 1.387222e-03	-3.463535e-03	-4.254038e-03	-5.931963e-03	-5.076106e-03	-4.300826e-03	-6.067453e-03	-3.751526e-03	-3.537160e-03	-3.942349e-03	-4.803513e-03	-3.689902e-03	-1.495326e-03	-9.457275e-04	 7.424574e-04	 1.236847e-03	 1.007362e-03	-2.672113e-04	-1.719466e-03	 5.082148e-05	 1.083891e-05	-1.428975e-05	-1.078398e-04	 7.043275e-06	-5.062540e-06	 5.057603e-05	 2.636641e-05	 7.045085e-06	-3.497985e-05	-4.496606e-06	 1.979275e-04	-1.432703e-04	-2.058814e-05	-4.386528e-06	 3.510976e-05	 2.029510e-03	 1.986212e-02	-4.426896e-05	 2.284709e-05	-5.046562e-07	-1.572319e-05	-1.224105e-03	 3.273221e-03	 1.273872e-12	
-5.993836e-04	 6.505700e-04	 1.420167e-02	-7.889299e-03	-9.439220e-03	-1.236336e-02	-1.149569e-02	-9.170023e-03	-1.044930e-02	-7.316729e-03	-6.853851e-03	-1.132566e-02	-1.245894e-02	-9.375620e-03	-3.226005e-03	-6.526844e-03	-8.088476e-03	-1.179961e-02	-1.065232e-02	-7.921043e-03	-8.842687e-03	-1.136247e-02	-1.103763e-02	-1.408653e-02	-1.508464e-02	-1.295469e-02	-7.618969e-03	 2.659056e-03	 1.605567e-03	 1.810103e-03	 4.465946e-03	 5.331001e-03	-1.018709e-03	 4.902738e-05	-4.123356e-05	-1.776549e-04	-2.066341e-04	 5.999437e-06	 5.722393e-05	 6.656748e-05	 2.870428e-05	 5.339920e-05	 1.815715e-05	-2.647634e-04	 6.131962e-04	 4.313807e-05	 5.445955e-04	 6.658213e-04	 3.019860e-04	-1.829268e-04	 4.499382e-02	 3.278010e-05	 1.117328e-05	-8.037410e-05	-1.539727e-04	-1.522154e-03	 3.900471e-03	 2.801628e-11	
-2.721253e-04	-3.501107e-03	-7.889299e-03	 1.068340e-02	 1.082479e-02	 1.314029e-02	 1.204259e-02	 1.001319e-02	 1.253791e-02	 8.137643e-03	 6.828200e-03	 9.755767e-03	 1.240917e-02	 1.110705e-02	 5.130779e-03	 8.854175e-03	 9.426123e-03	 1.240588e-02	 1.077193e-02	 8.415812e-03	 1.099983e-02	 1.132459e-02	 1.027742e-02	 1.275159e-02	 1.525297e-02	 1.433072e-02	 9.002938e-03	-2.096282e-03	-3.180657e-03	-2.549800e-03	-4.293239e-03	-3.967490e-03	 1.746303e-03	-8.585706e-05	 3.755070e-05	 1.642936e-04	 2.763728e-04	 8.924776e-05	-4.245195e-05	-9.407168e-05	-6.246619e-05	-5.182434e-05	 3.957915e-06	 1.512458e-03	-1.132097e-04	 4.604094e-04	-1.798380e-04	-4.206205e-04	-4.729483e-04	-1.956454e-03	-4.878588e-02	 5.211283e-05	-3.752754e-05	 5.671950e-05	 1.153797e-04	 2.101234e-03	-5.376029e-03	-1.561904e-11	
-3.728335e-04	-4.062891e-03	-9.439220e-03	 1.082479e-02	 1.561555e-02	 1.645791e-02	 1.469488e-02	 1.507772e-02	 1.624272e-02	 1.183912e-02	 9.957619e-03	 1.567317e-02	 1.675617e-02	 1.178586e-02	 7.981305e-03	 8.550032e-03	 1.298995e-02	 1.475189e-02	 1.291794e-02	 1.259900e-02	 1.420692e-02	 1.530624e-02	 1.391756e-02	 1.888897e-02	 1.948241e-02	 1.566788e-02	 1.192589e-02	-2.963796e-03	-4.325394e-03	-2.839859e-03	-3.555465e-03	-3.222227e-03	 4.989820e-03	-6.404684e-05	 1.999963e-05	 1.877056e-04	 3.540581e-04	 1.386681e-05	 1.809334e-04	-1.227404e-04	-5.964824e-05	-4.397243e-05	 2.067144e-05	 9.602267e-04	 1.682672e-03	 5.320967e-04	-1.948644e-04	-2.675483e-04	-7.680540e-05	-2.188419e-03	-6.588099e-02	 2.519808e-05	-5.703832e-05	 4.398508e-05	 9.326394e-05	 2.341381e-03	-6.580764e-03	-1.863187e-11	
-5.328752e-04	-5.583915e-03	-1.236336e-02	 1.314029e-02	 1.645791e-02	 2.325779e-02	 1.922895e-02	 1.568897e-02	 2.004373e-02	 1.077925e-02	 9.392006e-03	 1.524125e-02	 1.942634e-02	 1.449190e-02	 5.283888e-03	 1.119407e-02	 1.483794e-02	 2.222126e-02	 1.789304e-02	 1.409799e-02	 1.849328e-02	 1.821235e-02	 1.709003e-02	 2.210615e-02	 2.552736e-02	 2.110157e-02	 1.296847e-02	-1.669553e-04	-2.420264e-03	-2.139281e-03	-4.098903e-03	-5.815192e-03	 1.922806e-03	-7.820130e-05	 6.644255e-05	 2.286259e-04	 3.554711e-04	 8.586487e-06	-6.495324e-06	-6.204911e-05	-6.579137e-05	-4.079029e-05	 2.839972e-05	 5.205376e-04	-5.577895e-04	 1.744219e-03	-2.405512e-04	-6.291836e-04	-7.523449e-05	-2.219455e-03	-8.278567e-02	 4.071852e-05	-4.039973e-05	 8.659814e-05	 1.644889e-04	 3.202367e-03	-8.854144e-03	-2.434504e-11	
-4.328082e-04	-5.030360e-03	-1.149569e-02	 1.204259e-02	 1.469488e-02	 1.922895e-02	 1.972019e-02	 1.629819e-02	 1.715164e-02	 1.031891e-02	 8.515838e-03	 1.501198e-02	 1.911964e-02	 1.528113e-02	 8.398011e-03	 1.016480e-02	 1.311561e-02	 1.866899e-02	 1.827028e-02	 1.440649e-02	 1.572646e-02	 1.614045e-02	 1.490353e-02	 1.996398e-02	 2.347687e-02	 2.050023e-02	 1.449670e-02	-6.799637e-03	-7.668613e-03	-8.824670e-03	-1.166360e-02	-9.063215e-03	-1.240543e-03	-1.087652e-04	 9.217307e-06	 1.684703e-04	 2.019425e-04	 5.037658e-06	-3.158242e-05	-1.264569e-04	-1.104067e-05	-8.194301e-05	 2.422863e-05	 2.612282e-04	-5.642785e-04	 2.181630e-04	 1.292334e-03	-4.469237e-04	-8.402771e-05	-2.464183e-03	-6.127439e-02	 6.849998e-05	-3.446639e-05	 8.596411e-05	 1.235448e-04	 2.969052e-03	-7.952808e-03	-2.257130e-11	
-4.459959e-04	-4.232691e-03	-9.170023e-03	 1.001319e-02	 1.507772e-02	 1.568897e-02	 1.629819e-02	 7.102138e-02	 7.102938e-02	 1.162531e-02	 9.174143e-03	 1.506343e-02	 1.873774e-02	-6.364431e-02	-6.787880e-02	 8.299155e-03	 1.299738e-02	 1.510190e-02	 1.493947e-02	 6.370941e-02	 6.623183e-02	 1.761147e-02	 1.517321e-02	 1.973655e-02	 2.355858e-02	-4.994738e-02	-5.612088e-02	-1.859220e-03	-4.552652e-03	-9.563840e-03	-1.028470e-02	-6.641197e-03	-3.261659e-04	 1.480016e-04	-6.683975e-05	 1.915221e-04	 3.928706e-05	-3.611591e-05	 1.450898e-04	-1.723898e-04	-3.056083e-05	 1.413022e-06	 6.229034e-05	 4.168632e-04	 9.523165e-04	 4.396015e-04	 7.390601e-04	 2.457116e-04	-6.785063e-05	-7.173660e-04	-1.096027e-01	-5.765489e-05	-4.498224e-05	-8.132508e-05	 1.331025e-04	 2.334773e-03	-6.844644e-03	-1.812708e-11	
-6.569202e-04	-5.626143e-03	-1.044930e-02	 1.253791e-02	 1.624272e-02	 2.004373e-02	 1.715164e-02	 7.102938e-02	 1.382317e-01	 7.919155e-03	 8.333109e-03	 1.249722e-02	 1.610495e-02	-6.410247e-02	-1.651787e-01	 1.119496e-02	 1.544453e-02	 2.101308e-02	 1.686841e-02	 6.566100e-02	 1.309379e-01	 1.768071e-02	 1.579875e-02	 1.810851e-02	 2.248142e-02	-4.916092e-02	-1.467011e-01	-1.339136e-02	-9.713843e-03	-1.455177e-02	-1.435679e-02	-1.291463e-02	-5.531061e-03	 3.572553e-04	 1.421369e-04	 2.457255e-04	 2.349402e-04	 1.222310e-05	-1.671983e-05	-7.968338e-05	-7.710710e-05	 1.156477e-04	 4.041530e-05	 1.022939e-03	-1.216648e-04	 8.417369e-04	-1.201783e-04	 1.457058e-03	-6.590924e-05	-8.420494e-04	-1.781684e-01	-3.934847e-05	-7.881760e-05	-8.344707e-05	 1.953175e-04	 2.982263e-03	-8.625574e-03	-2.071449e-11	
 1.794852e-04	-7.492039e-04	-7.316729e-03	 8.137643e-03	 1.183912e-02	 1.077925e-02	 1.031891e-02	 1.162531e-02	 7.919155e-03	 3.001611e-02	 1.734829e-02	 2.670013e-02	 2.888826e-02	 2.484162e-02	 3.008416e-02	 3.891118e-03	 7.269567e-03	 7.025755e-03	 6.971011e-03	 6.541701e-03	 2.438353e-03	 1.924713e-02	 8.963188e-03	 1.632635e-02	 1.677606e-02	 1.676445e-02	 2.273166e-02	 4.108735e-03	 3.015790e-03	 6.480902e-03	 8.066144e-03	 6.379645e-03	 1.221789e-02	-1.064365e-04	-2.206629e-05	 2.326990e-04	 2.701561e-04	-6.660224e-06	 2.974399e-05	-5.057960e-05	-3.443941e-05	-1.164300e-04	 3.522375e-05	 3.938418e-05	 6.721589e-04	 5.456787e-04	 1.413806e-04	-2.376279e-04	-1.832100e-04	-4.870312e-04	-1.765424e-02	 4.239305e-05	 3.084888e-05	 3.342249e-06	-3.975340e-06	 8.554698e-04	-2.581454e-03	-1.467678e-11	
 2.609458e-04	-4.320830e-04	-6.853851e-03	 6.828200e-03	 9.957619e-03	 9.392006e-03	 8.515838e-03	 9.174143e-03	 8.333109e-03	 1.734829e-02	 2.187000e-02	 2.580182e-02	 2.355951e-02	 2.363881e-02	 2.504419e-02	 3.233129e-03	 5.919380e-03	 5.577197e-03	 5.160876e-03	 4.714910e-03	 3.609794e-03	 1.023569e-02	 1.263833e-02	 1.558490e-02	 1.371338e-02	 1.636727e-02	 1.844777e-02	 6.044382e-03	 3.618594e-03	 6.854156e-03	 8.521906e-03	 8.035791e-03	 1.321783e-02	-9.474692e-05	-4.482329e-05	 9.227073e-05	 8.792759e-05	 3.894321e-05	 1.996960e-04	-1.523536e-05	-6.919328e-06	-6.131036e-05	-5.789202e-05	 7.556321e-04	-2.906163e-03	 2.041177e-06	-1.364979e-04	 2.229696e-04	-1.632829e-04	 1.389979e-03	-3.639590e-02	 3.302838e-05	-4.035213e-05	 6.187025e-05	 2.374346e-05	 7.782793e-04	-1.986703e-03	-1.374429e-11	
 5.145397e-04	-4.331963e-04	-1.132566e-02	 9.755767e-03	 1.567317e-02	 1.524125e-02	 1.501198e-02	 1.506343e-02	 1.249722e-02	 2.670013e-02	 2.580182e-02	 6.154112e-02	 4.921051e-02	 3.490529e-02	 4.473539e-02	 4.411486e-03	 9.375583e-03	 9.534592e-03	 1.016992e-02	 8.398108e-03	 5.419151e-03	 1.797654e-02	 1.659157e-02	 4.665003e-02	 3.293616e-02	 2.524698e-02	 3.613579e-02	 2.592330e-03	 3.947896e-03	 7.328661e-03	 7.577350e-03	 1.414252e-03	 6.913376e-03	-9.655588e-05	 6.328412e-05	 7.349464e-05	-2.143208e-04	 3.565214e-05	 3.814996e-05	 4.499315e-05	-1.982030e-05	-1.646894e-04	-9.470819e-05	 9.996641e-04	-4.711529e-04	-2.033394e-03	-4.632669e-04	-5.221662e-04	-2.107842e-04	 6.295157e-03	-8.207555e-02	-6.292257e-06	-4.798221e-05	 5.072765e-05	 1.005027e-05	 1.182538e-03	-2.905384e-03	-2.244744e-11	
 3.627064e-04	-1.286089e-03	-1.245894e-02	 1.240917e-02	 1.675617e-02	 1.942634e-02	 1.911964e-02	 1.873774e-02	 1.610495e-02	 2.888826e-02	 2.355951e-02	 4.921051e-02	 7.801332e-02	 6.476606e-02	 4.826940e-02	 6.623959e-03	 1.093798e-02	 1.407427e-02	 1.429849e-02	 1.239549e-02	 9.406153e-03	 2.472193e-02	 1.977395e-02	 3.993011e-02	 6.296162e-02	 5.543873e-02	 4.229489e-02	-5.248584e-04	 2.294575e-03	 5.124567e-03	 3.329938e-03	 1.698380e-03	 9.652368e-03	-1.643781e-04	 1.955990e-04	 3.161102e-04	-5.234949e-04	 1.571493e-04	-2.676234e-05	-6.434389e-05	 6.197831e-05	-7.406225e-05	-9.991780e-05	 1.018047e-03	 3.299510e-04	 5.152730e-04	-1.922412e-03	-1.105805e-03	 8.567827e-05	 8.075356e-03	-6.449044e-03	-7.600883e-06	 2.994983e-05	-3.185250e-05	 7.175432e-05	 1.529394e-03	-4.195967e-03	-2.497277e-11	
 4.640805e-04	-6.382852e-04	-9.375620e-03	 1.110705e-02	 1.178586e-02	 1.449190e-02	 1.528113e-02	-6.364431e-02	-6.410247e-02	 2.484162e-02	 2.363881e-02	 3.490529e-02	 6.476606e-02	 2.817267e-01	 2.553638e-01	 5.502758e-03	 5.375362e-03	 6.440302e-03	 9.670094e-03	-6.288966e-02	-6.722365e-02	 1.482465e-02	 1.501424e-02	 2.543277e-02	 4.914192e-02	 2.586848e-01	 2.390296e-01	-6.037291e-04	 8.446225e-03	 1.746963e-02	 1.728006e-02	 1.481598e-02	 2.222711e-02	-8.445239e-04	 4.905953e-05	 2.034922e-04	-5.304933e-04	 3.769649e-04	-9.926874e-06	 2.369085e-05	 2.029086e-04	-1.742024e-04	-2.193366e-04	 3.322034e-04	-2.234425e-03	 3.220653e-04	-1.037177e-03	-8.943789e-04	 6.514189e-04	 6.377834e-03	 1.616311e-01	 1.271367e-04	-4.893185e-05	 1.011361e-04	-1.248624e-04	 1.264716e-03	-2.174410e-03	-1.930761e-11	
 5.684287e-04	 1.387222e-03	-3.226005e-03	 5.130779e-03	 7.981305e-03	 5.283888e-03	 8.398011e-03	-6.787880e-02	-1.651787e-01	 3.008416e-02	 2.504419e-02	 4.473539e-02	 4.826940e-02	 2.553638e-01	 4.982691e-01	-1.286211e-04	-1.405244e-04	-3.795901e-03	 3.263268e-03	-6.762699e-02	-1.623179e-01	 1.531442e-02	 1.476614e-02	 3.252845e-02	 3.396880e-02	 2.333397e-01	 4.709923e-01	 7.875474e-03	 5.661731e-03	 1.285890e-02	 1.035359e-02	 7.381661e-03	 1.337790e-03	-1.601600e-03	-4.695296e-04	-3.476378e-05	-3.075956e-04	 1.814080e-04	 2.310187e-04	 4.206452e-05	 1.941824e-04	-3.411734e-04	-1.879067e-04	-2.676046e-04	 3.193992e-04	-2.244531e-04	-6.802781e-06	-9.627425e-04	 2.269612e-04	-2.554609e-03	 2.523772e-01	-2.998708e-05	-7.143605e-06	 1.361426e-04	-3.167269e-04	 3.315370e-05	 1.630138e-03	-7.018709e-12	
-3.282829e-04	-3.463535e-03	-6.526844e-03	 8.854175e-03	 8.550032e-03	 1.119407e-02	 1.016480e-02	 8.299155e-03	 1.119496e-02	 3.891118e-03	 3.233129e-03	 4.411486e-03	 6.623959e-03	 5.502758e-03	-1.286211e-04	 9.557660e-03	 9.440559e-03	 1.263111e-02	 1.099594e-02	 9.061596e-03	 1.218477e-02	 8.462113e-03	 8.173619e-03	 9.099045e-03	 1.166191e-02	 1.028336e-02	 4.922248e-03	-1.116017e-02	-1.278448e-02	-1.281036e-02	-1.473621e-02	-1.432876e-02	-1.046520e-02	-1.214494e-04	 2.386923e-05	 1.227646e-04	 2.459910e-04	 5.844287e-05	-2.056117e-05	-8.941926e-05	-6.556039e-05	-3.681538e-05	 2.751778e-05	 3.911043e-04	-5.828632e-04	 3.693352e-04	-4.230737e-06	-4.140216e-04	-4.460310e-04	-4.076040e-03	-5.638111e-02	 5.098976e-05	-2.041208e-05	 7.496348e-05	 1.173207e-04	 1.979354e-03	-5.011304e-03	-1.286652e-11	
-4.808187e-04	-4.254038e-03	-8.088476e-03	 9.426123e-03	 1.298995e-02	 1.483794e-02	 1.311561e-02	 1.299738e-02	 1.544453e-02	 7.269567e-03	 5.919380e-03	 9.375583e-03	 1.093798e-02	 5.375362e-03	-1.405244e-04	 9.440559e-03	 1.396142e-02	 1.670041e-02	 1.389782e-02	 1.335536e-02	 1.637425e-02	 1.325867e-02	 1.071745e-02	 1.357775e-02	 1.617870e-02	 1.092101e-02	 5.330611e-03	-1.459153e-02	-1.716582e-02	-1.472288e-02	-1.572884e-02	-1.652497e-02	-1.122008e-02	-7.829253e-05	 1.935528e-05	 1.400540e-04	 3.048138e-04	-1.529987e-05	 1.803118e-04	-1.110248e-04	-6.494562e-05	-2.438526e-05	 6.498415e-05	 5.118370e-05	 7.336348e-04	 3.373245e-04	-1.482523e-04	-3.907253e-04	-1.120787e-04	-5.065051e-03	-9.059707e-02	 3.825341e-05	-4.345429e-05	 7.611207e-05	 1.153594e-04	 2.298969e-03	-6.491157e-03	-1.590307e-11	
-6.410593e-04	-5.931963e-03	-1.179961e-02	 1.240588e-02	 1.475189e-02	 2.222126e-02	 1.866899e-02	 1.510190e-02	 2.101308e-02	 7.025755e-03	 5.577197e-03	 9.534592e-03	 1.407427e-02	 6.440302e-03	-3.795901e-03	 1.263111e-02	 1.670041e-02	 2.726662e-02	 2.181566e-02	 1.714390e-02	 2.326699e-02	 1.733495e-02	 1.448793e-02	 1.436899e-02	 2.060495e-02	 1.399184e-02	 4.365522e-03	-2.007997e-02	-2.255368e-02	-2.100202e-02	-2.362639e-02	-2.738842e-02	-2.311101e-02	-5.714211e-05	 3.802799e-05	 1.936281e-04	 2.726830e-04	-3.659729e-05	-1.163842e-05	-2.992939e-05	-7.451313e-05	-3.046924e-05	 8.053976e-05	-3.137996e-04	-1.161442e-03	 1.271172e-03	-9.181326e-05	-6.921329e-04	 5.834505e-06	-6.080073e-03	-1.197566e-01	 4.923824e-05	-4.884574e-05	 1.400975e-04	 1.943315e-04	 3.275527e-03	-9.135289e-03	-2.307758e-11	
-4.971597e-04	-5.076106e-03	-1.065232e-02	 1.077193e-02	 1.291794e-02	 1.789304e-02	 1.827028e-02	 1.493947e-02	 1.686841e-02	 6.971011e-03	 5.160876e-03	 1.016992e-02	 1.429849e-02	 9.670094e-03	 3.263268e-03	 1.099594e-02	 1.389782e-02	 2.181566e-02	 2.239312e-02	 1.785538e-02	 1.919874e-02	 1.374034e-02	 1.197844e-02	 1.321326e-02	 1.571410e-02	 1.250571e-02	 7.874969e-03	-2.418562e-02	-2.434844e-02	-2.492026e-02	-2.978344e-02	-2.985273e-02	-2.314937e-02	-6.272528e-05	-1.584474e-05	 1.648088e-04	 8.278997e-05	-3.691931e-05	-5.318411e-05	-8.514386e-05	 4.803424e-06	-7.245216e-05	 4.470554e-05	-5.809046e-04	-9.295958e-04	 3.462395e-05	 1.234119e-03	-3.701961e-04	 1.464628e-04	-4.853700e-03	-8.875549e-02	 7.100432e-05	-5.397303e-05	 1.016384e-04	 1.393225e-04	 2.876023e-03	-7.857511e-03	-2.078470e-11	
-5.423760e-04	-4.300826e-03	-7.921043e-03	 8.415812e-03	 1.259900e-02	 1.409799e-02	 1.440649e-02	 6.370941e-02	 6.566100e-02	 6.541701e-03	 4.714910e-03	 8.398108e-03	 1.239549e-02	-6.288966e-02	-6.762699e-02	 9.061596e-03	 1.335536e-02	 1.714390e-02	 1.785538e-02	 6.353759e-02	 6.694197e-02	 1.410131e-02	 1.175138e-02	 1.337388e-02	 1.621028e-02	-5.406438e-02	-5.960164e-02	-1.547908e-02	-1.787997e-02	-2.169050e-02	-2.454320e-02	-2.450539e-02	-1.848111e-02	 2.094586e-04	-5.616358e-05	 1.769728e-04	-5.049959e-05	-6.041724e-05	 1.068536e-04	-1.406399e-04	-2.111662e-05	 1.554215e-05	 8.210198e-05	-5.155702e-04	 4.938906e-04	 2.412633e-04	 6.849628e-04	 3.246411e-04	 1.231248e-04	-2.774179e-03	-1.285228e-01	-6.258240e-05	-6.551734e-05	-7.263014e-05	 1.490961e-04	 2.216840e-03	-6.701336e-03	-1.559208e-11	
-8.450603e-04	-6.067453e-03	-8.842687e-03	 1.099983e-02	 1.420692e-02	 1.849328e-02	 1.572646e-02	 6.623183e-02	 1.309379e-01	 2.438353e-03	 3.609794e-03	 5.419151e-03	 9.406153e-03	-6.722365e-02	-1.623179e-01	 1.218477e-02	 1.637425e-02	 2.326699e-02	 1.919874e-02	 6.694197e-02	 1.320153e-01	 1.470150e-02	 1.282732e-02	 1.196338e-02	 1.729834e-02	-5.479907e-02	-1.497979e-01	-2.552216e-02	-2.290372e-02	-2.687118e-02	-2.792256e-02	-2.901337e-02	-2.260218e-02	 3.884354e-04	 1.489297e-04	 2.206698e-04	 1.498245e-04	-3.401532e-05	 2.695681e-06	-6.881556e-05	-1.045404e-04	 9.915120e-05	 8.499660e-05	 1.878322e-04	-4.131982e-04	 5.501304e-04	 2.462728e-05	 1.536165e-03	 3.091215e-04	-3.451029e-03	-2.068598e-01	-5.216934e-05	-9.266729e-05	-8.400712e-05	 2.256644e-04	 2.987346e-03	-8.809697e-03	-1.750367e-11	
-3.583990e-04	-3.751526e-03	-1.136247e-02	 1.132459e-02	 1.530624e-02	 1.821235e-02	 1.614045e-02	 1.761147e-02	 1.768071e-02	 1.924713e-02	 1.023569e-02	 1.797654e-02	 2.472193e-02	 1.482465e-02	 1.531442e-02	 8.462113e-03	 1.325867e-02	 1.733495e-02	 1.374034e-02	 1.410131e-02	 1.470150e-02	 5.638060e-02	 4.749334e-02	 5.314035e-02	 6.077995e-02	 5.236889e-02	 5.368607e-02	 1.898739e-02	 1.177992e-02	 1.477795e-02	 1.360901e-02	 1.410424e-02	 1.978194e-02	-1.148239e-04	 8.393370e-05	 3.255007e-04	 7.040387e-04	 9.859099e-05	 1.649460e-04	-8.343215e-05	-6.519927e-05	 3.795449e-05	 1.434522e-04	 1.133390e-03	 5.784751e-04	 8.947633e-04	-3.461456e-04	 2.308063e-04	-6.874942e-04	-4.288399e-03	-5.704142e-02	 7.102120e-05	 1.584751e-04	 5.586802e-06	 8.180802e-05	 2.162123e-03	-7.232254e-03	-2.254540e-11	
-3.060641e-04	-3.537160e-03	-1.103763e-02	 1.027742e-02	 1.391756e-02	 1.709003e-02	 1.490353e-02	 1.517321e-02	 1.579875e-02	 8.963188e-03	 1.263833e-02	 1.659157e-02	 1.977395e-02	 1.501424e-02	 1.476614e-02	 8.173619e-03	 1.071745e-02	 1.448793e-02	 1.197844e-02	 1.175138e-02	 1.282732e-02	 4.749334e-02	 5.490624e-02	 5.751731e-02	 5.948222e-02	 5.528768e-02	 5.581178e-02	 2.538764e-02	 1.808534e-02	 1.888481e-02	 1.759509e-02	 2.120498e-02	 2.695630e-02	-1.188473e-04	 5.339070e-06	 2.195187e-04	 6.306510e-04	 1.190904e-04	 3.113002e-04	-6.527175e-05	-1.515782e-05	 1.028728e-04	 4.650050e-05	 1.475779e-03	-1.785238e-03	 6.847093e-04	-4.465616e-04	 3.572725e-04	-2.491219e-04	-1.610381e-03	-4.366381e-02	 7.214376e-05	 1.039189e-04	 3.292432e-05	 6.532303e-05	 2.098090e-03	-6.844697e-03	-2.187275e-11	
-2.092337e-04	-3.942349e-03	-1.408653e-02	 1.275159e-02	 1.888897e-02	 2.210615e-02	 1.996398e-02	 1.973655e-02	 1.810851e-02	 1.632635e-02	 1.558490e-02	 4.665003e-02	 3.993011e-02	 2.543277e-02	 3.252845e-02	 9.099045e-03	 1.357775e-02	 1.436899e-02	 1.321326e-02	 1.337388e-02	 1.196338e-02	 5.314035e-02	 5.751731e-02	 9.305982e-02	 8.207570e-02	 6.722268e-02	 7.555888e-02	 3.439069e-02	 2.783702e-02	 3.005457e-02	 2.780545e-02	 2.648940e-02	 3.478232e-02	-1.639767e-04	 1.493767e-04	 1.832363e-04	 3.941909e-04	 1.085511e-04	 1.498217e-04	-3.010874e-05	-5.735005e-06	-5.908694e-07	 2.001174e-05	 1.732743e-03	 3.672868e-04	-9.183594e-04	-9.833124e-04	-2.320643e-04	-8.805488e-04	 4.868072e-03	-7.605479e-02	 4.159811e-05	 5.282818e-05	 7.032003e-06	 2.410063e-05	 2.540448e-03	-7.888676e-03	-2.787654e-11	
-3.693434e-04	-4.803513e-03	-1.508464e-02	 1.525297e-02	 1.948241e-02	 2.552736e-02	 2.347687e-02	 2.355858e-02	 2.248142e-02	 1.677606e-02	 1.371338e-02	 3.293616e-02	 6.296162e-02	 4.914192e-02	 3.396880e-02	 1.166191e-02	 1.617870e-02	 2.060495e-02	 1.571410e-02	 1.621028e-02	 1.729834e-02	 6.077995e-02	 5.948222e-02	 8.207570e-02	 1.143585e-01	 9.944071e-02	 8.252707e-02	 2.583583e-02	 1.995013e-02	 2.369387e-02	 2.009779e-02	 2.364972e-02	 3.148594e-02	-3.883037e-04	 2.432650e-04	 3.297630e-04	 6.649985e-05	 2.592052e-04	 1.346113e-04	-1.551610e-04	 2.842008e-05	 6.641679e-05	 2.566036e-05	 2.066845e-03	 4.880511e-04	 1.265914e-03	-2.026737e-03	-1.117813e-03	-7.055104e-04	 3.884370e-03	-5.571918e-03	-2.047741e-05	 1.390622e-04	-1.189927e-05	 1.113881e-04	 2.921536e-03	-9.126521e-03	-3.011901e-11	
-1.064040e-04	-3.689902e-03	-1.295469e-02	 1.433072e-02	 1.566788e-02	 2.110157e-02	 2.050023e-02	-4.994738e-02	-4.916092e-02	 1.676445e-02	 1.636727e-02	 2.524698e-02	 5.543873e-02	 2.586848e-01	 2.333397e-01	 1.028336e-02	 1.092101e-02	 1.399184e-02	 1.250571e-02	-5.406438e-02	-5.479907e-02	 5.236889e-02	 5.528768e-02	 6.722268e-02	 9.944071e-02	 3.007463e-01	 2.765796e-01	 2.210630e-02	 2.476799e-02	 3.271298e-02	 3.023494e-02	 3.367390e-02	 4.037649e-02	-1.099199e-03	 4.558753e-05	 2.068400e-04	 2.504208e-05	 4.894429e-04	 2.328431e-04	-5.685431e-05	 1.853095e-04	-4.106235e-05	-1.229319e-04	 1.506961e-03	-1.926755e-03	 1.137768e-03	-1.017631e-03	-8.744859e-04	 8.147652e-05	 2.983483e-03	 1.707542e-01	 9.930837e-05	 8.334829e-05	 9.639625e-05	-8.180163e-05	 2.555022e-03	-6.760605e-03	-2.635456e-11	
 6.091492e-05	-1.495326e-03	-7.618969e-03	 9.002938e-03	 1.192589e-02	 1.296847e-02	 1.449670e-02	-5.612088e-02	-1.467011e-01	 2.273166e-02	 1.844777e-02	 3.613579e-02	 4.229489e-02	 2.390296e-01	 4.709923e-01	 4.922248e-03	 5.330611e-03	 4.365522e-03	 7.874969e-03	-5.960164e-02	-1.497979e-01	 5.368607e-02	 5.581178e-02	 7.555888e-02	 8.252707e-02	 2.765796e-01	 5.099596e-01	 3.073309e-02	 2.242749e-02	 2.894597e-02	 2.304139e-02	 2.332009e-02	 1.814044e-02	-1.715628e-03	-4.045228e-04	 2.778038e-05	 2.842504e-04	 3.304664e-04	 4.147183e-04	-1.758421e-05	 2.142238e-04	-1.808763e-04	-1.012864e-04	 6.030495e-04	 4.092332e-04	 8.221200e-04	-1.983628e-04	-9.108851e-04	-8.362569e-04	-4.868183e-03	 2.569086e-01	 2.948412e-05	 1.386035e-04	 1.576397e-04	-2.825913e-04	 1.299996e-03	-2.993612e-03	-1.560196e-11	
-4.576683e-04	-9.457275e-04	 2.659056e-03	-2.096282e-03	-2.963796e-03	-1.669553e-04	-6.799637e-03	-1.859220e-03	-1.339136e-02	 4.108735e-03	 6.044382e-03	 2.592330e-03	-5.248584e-04	-6.037291e-04	 7.875474e-03	-1.116017e-02	-1.459153e-02	-2.007997e-02	-2.418562e-02	-1.547908e-02	-2.552216e-02	 1.898739e-02	 2.538764e-02	 3.439069e-02	 2.583583e-02	 2.210630e-02	 3.073309e-02	 5.550867e-01	 4.398848e-01	 3.840300e-01	 4.128444e-01	 4.206659e-01	 4.177238e-01	-3.111904e-04	 3.290302e-04	-1.127140e-04	-1.123908e-03	 1.459852e-04	 6.627227e-04	 4.178136e-04	 5.870886e-04	-2.593972e-04	-2.363996e-05	 4.717459e-03	-7.373096e-03	 1.705394e-03	-7.301143e-03	-2.525040e-03	-2.727291e-03	 4.554140e-02	 3.116516e-01	-3.215461e-04	 3.011637e-04	 4.758275e-05	 1.260498e-04	-2.442690e-04	-1.023152e-03	 3.613085e-12	
 1.795718e-04	 7.424574e-04	 1.605567e-03	-3.180657e-03	-4.325394e-03	-2.420264e-03	-7.668613e-03	-4.552652e-03	-9.713843e-03	 3.015790e-03	 3.618594e-03	 3.947896e-03	 2.294575e-03	 8.446225e-03	 5.661731e-03	-1.278448e-02	-1.716582e-02	-2.255368e-02	-2.434844e-02	-1.787997e-02	-2.290372e-02	 1.177992e-02	 1.808534e-02	 2.783702e-02	 1.995013e-02	 2.476799e-02	 2.242749e-02	 4.398848e-01	 4.696229e-01	 4.098950e-01	 3.885860e-01	 4.001283e-01	 3.915278e-01	-5.494868e-04	 1.129272e-04	-1.940987e-04	-1.284807e-03	 1.313455e-04	 2.776252e-04	 3.620419e-04	 6.060192e-04	-2.534070e-04	-1.935820e-04	 3.708124e-03	-4.859536e-03	 1.871272e-03	-6.611847e-03	-1.865054e-03	-2.728981e-03	 5.347836e-02	 6.598669e-01	-2.820568e-04	 2.499377e-04	-4.717778e-05	 2.381553e-04	-2.882560e-04	 1.560949e-03	 1.664415e-12	
 1.148350e-05	 1.236847e-03	 1.810103e-03	-2.549800e-03	-2.839859e-03	-2.139281e-03	-8.824670e-03	-9.563840e-03	-1.455177e-02	 6.480902e-03	 6.854156e-03	 7.328661e-03	 5.124567e-03	 1.746963e-02	 1.285890e-02	-1.281036e-02	-1.472288e-02	-2.100202e-02	-2.492026e-02	-2.169050e-02	-2.687118e-02	 1.477795e-02	 1.888481e-02	 3.005457e-02	 2.369387e-02	 3.271298e-02	 2.894597e-02	 3.840300e-01	 4.098950e-01	 4.645776e-01	 4.251756e-01	 3.869791e-01	 3.949052e-01	-4.740024e-04	 1.947546e-04	 1.359405e-04	-9.199762e-04	 2.166341e-04	 2.421690e-04	 3.528348e-04	 6.346144e-04	-1.186247e-04	-1.575128e-04	 3.662856e-03	-3.309030e-03	 2.758025e-03	-7.703968e-03	-2.640904e-03	-2.898204e-03	 6.012767e-02	 7.074160e-01	-4.172945e-04	 1.457758e-04	-7.292933e-05	 2.531141e-04	-9.164402e-04	 1.121046e-03	 1.684470e-12	
-1.695944e-04	 1.007362e-03	 4.465946e-03	-4.293239e-03	-3.555465e-03	-4.098903e-03	-1.166360e-02	-1.028470e-02	-1.435679e-02	 8.066144e-03	 8.521906e-03	 7.577350e-03	 3.329938e-03	 1.728006e-02	 1.035359e-02	-1.473621e-02	-1.572884e-02	-2.362639e-02	-2.978344e-02	-2.454320e-02	-2.792256e-02	 1.360901e-02	 1.759509e-02	 2.780545e-02	 2.009779e-02	 3.023494e-02	 2.304139e-02	 4.128444e-01	 3.885860e-01	 4.251756e-01	 4.805830e-01	 4.432820e-01	 4.153458e-01	-2.238949e-04	 2.884521e-04	-3.425330e-05	-1.668471e-03	 7.586934e-05	 4.397963e-04	 3.266699e-04	 6.048083e-04	 1.805885e-05	-7.236317e-05	 3.187157e-03	-4.687113e-03	 2.289696e-03	-8.291571e-03	-1.595431e-03	-2.502483e-03	 5.639149e-02	 5.472326e-01	-2.950070e-04	-1.422961e-05	-5.367621e-05	 2.010929e-04	-1.133923e-03	 1.433043e-03	 7.066128e-12	
-3.258217e-04	-2.672113e-04	 5.331001e-03	-3.967490e-03	-3.222227e-03	-5.815192e-03	-9.063215e-03	-6.641197e-03	-1.291463e-02	 6.379645e-03	 8.035791e-03	 1.414252e-03	 1.698380e-03	 1.481598e-02	 7.381661e-03	-1.432876e-02	-1.652497e-02	-2.738842e-02	-2.985273e-02	-2.450539e-02	-2.901337e-02	 1.410424e-02	 2.120498e-02	 2.648940e-02	 2.364972e-02	 3.367390e-02	 2.332009e-02	 4.206659e-01	 4.001283e-01	 3.869791e-01	 4.432820e-01	 5.210000e-01	 4.835582e-01	-3.504552e-04	 2.090738e-04	-4.601969e-04	-1.673321e-03	 3.606513e-05	 6.388543e-04	 3.799041e-04	 5.576661e-04	 6.131617e-05	-1.659448e-04	 4.249004e-03	-5.925680e-03	 4.254478e-04	-6.367921e-03	-3.489622e-04	-2.658660e-03	 5.187792e-02	 4.997970e-01	-2.265839e-04	 1.791933e-04	 8.740993e-05	 1.794048e-04	-4.350448e-04	 8.481172e-04	 8.900289e-12	
-4.245905e-04	-1.719466e-03	-1.018709e-03	 1.746303e-03	 4.989820e-03	 1.922806e-03	-1.240543e-03	-3.261659e-04	-5.531061e-03	 1.221789e-02	 1.321783e-02	 6.913376e-03	 9.652368e-03	 2.222711e-02	 1.337790e-03	-1.046520e-02	-1.122008e-02	-2.311101e-02	-2.314937e-02	-1.848111e-02	-2.260218e-02	 1.978194e-02	 2.695630e-02	 3.478232e-02	 3.148594e-02	 4.037649e-02	 1.814044e-02	 4.177238e-01	 3.915278e-01	 3.949052e-01	 4.153458e-01	 4.835582e-01	 5.622612e-01	-2.935730e-06	 1.946782e-04	-3.423172e-05	-1.073774e-03	 8.200887e-05	 7.026399e-04	 2.954632e-04	 5.054081e-04	-5.999844e-05	-1.877002e-04	 5.356489e-03	-4.361017e-03	 5.243210e-04	-6.541533e-03	-7.040588e-04	-2.430903e-03	 5.415781e-02	 4.790632e-01	-2.858036e-04	 2.308624e-04	 2.145191e-05	 2.834226e-04	 4.176894e-04	-2.602031e-03	-3.965676e-12	
 5.911807e-06	 5.082148e-05	 4.902738e-05	-8.585706e-05	-6.404684e-05	-7.820130e-05	-1.087652e-04	 1.480016e-04	 3.572553e-04	-1.064365e-04	-9.474692e-05	-9.655588e-05	-1.643781e-04	-8.445239e-04	-1.601600e-03	-1.214494e-04	-7.829253e-05	-5.714211e-05	-6.272528e-05	 2.094586e-04	 3.884354e-04	-1.148239e-04	-1.188473e-04	-1.639767e-04	-3.883037e-04	-1.099199e-03	-1.715628e-03	-3.111904e-04	-5.494868e-04	-4.740024e-04	-2.238949e-04	-3.504552e-04	-2.935730e-06	 2.002802e-04	 4.470516e-05	 4.150362e-06	-1.123510e-05	-1.591066e-06	 1.191733e-05	-4.197147e-06	-1.724497e-06	 2.668581e-06	 2.173691e-06	-7.080656e-07	 2.190733e-05	-1.522703e-05	 2.452765e-07	 5.721544e-05	-4.351602e-05	 4.934127e-04	-2.409776e-02	-7.486128e-06	 3.768148e-06	-2.531998e-06	-3.091610e-06	-2.551673e-05	 5.865907e-05	 1.123500e-13	
 3.551500e-06	 1.083891e-05	-4.123356e-05	 3.755070e-05	 1.999963e-05	 6.644255e-05	 9.217307e-06	-6.683975e-05	 1.421369e-04	-2.206629e-05	-4.482329e-05	 6.328412e-05	 1.955990e-04	 4.905953e-05	-4.695296e-04	 2.386923e-05	 1.935528e-05	 3.802799e-05	-1.584474e-05	-5.616358e-05	 1.489297e-04	 8.393370e-05	 5.339070e-06	 1.493767e-04	 2.432650e-04	 4.558753e-05	-4.045228e-04	 3.290302e-04	 1.129272e-04	 1.947546e-04	 2.884521e-04	 2.090738e-04	 1.946782e-04	 4.470516e-05	 9.179298e-05	 1.032527e-05	 7.399070e-06	 5.654070e-06	 8.206583e-06	 2.983546e-07	 1.452374e-06	-1.849819e-06	 8.708214e-07	 1.960322e-05	 5.936512e-06	-5.034557e-06	-4.158284e-05	 2.622447e-05	-4.698625e-05	 3.471750e-04	-8.076511e-03	 9.552689e-07	 8.457397e-07	 1.955201e-06	 5.404182e-06	-4.470510e-06	-3.059577e-06	-9.284528e-14	
-1.911818e-06	-1.428975e-05	-1.776549e-04	 1.642936e-04	 1.877056e-04	 2.286259e-04	 1.684703e-04	 1.915221e-04	 2.457255e-04	 2.326990e-04	 9.227073e-05	 7.349464e-05	 3.161102e-04	 2.034922e-04	-3.476378e-05	 1.227646e-04	 1.400540e-04	 1.936281e-04	 1.648088e-04	 1.769728e-04	 2.206698e-04	 3.255007e-04	 2.195187e-04	 1.832363e-04	 3.297630e-04	 2.068400e-04	 2.778038e-05	-1.127140e-04	-1.940987e-04	 1.359405e-04	-3.425330e-05	-4.601969e-04	-3.423172e-05	 4.150362e-06	 1.032527e-05	 7.722569e-05	 3.594920e-05	 3.425901e-06	 1.236877e-06	 6.598977e-06	-1.023331e-06	-1.427402e-06	-6.545231e-06	 2.467358e-05	 3.052982e-05	 5.214865e-05	-4.791783e-05	-1.762662e-05	-9.388592e-06	 2.770537e-04	 1.193596e-03	-2.975162e-07	-1.853865e-06	-5.552741e-06	 5.839852e-06	 6.103770e-06	-8.748599e-05	-3.597259e-13	
-2.899341e-05	-1.078398e-04	-2.066341e-04	 2.763728e-04	 3.540581e-04	 3.554711e-04	 2.019425e-04	 3.928706e-05	 2.349402e-04	 2.701561e-04	 8.792759e-05	-2.143208e-04	-5.234949e-04	-5.304933e-04	-3.075956e-04	 2.459910e-04	 3.048138e-04	 2.726830e-04	 8.278997e-05	-5.049959e-05	 1.498245e-04	 7.040387e-04	 6.306510e-04	 3.941909e-04	 6.649985e-05	 2.504208e-05	 2.842504e-04	-1.123908e-03	-1.284807e-03	-9.199762e-04	-1.668471e-03	-1.673321e-03	-1.073774e-03	-1.123510e-05	 7.399070e-06	 3.594920e-05	 2.120403e-04	-9.218375e-08	 4.503593e-06	-1.137428e-06	-4.891871e-06	 4.796221e-06	 2.940795e-06	 4.984010e-05	 6.521567e-05	 2.973390e-05	-6.933974e-05	-2.713331e-05	 1.385982e-05	-5.119858e-04	-3.092454e-03	 8.360177e-06	 9.154599e-06	 2.035489e-06	-1.623033e-06	 3.104711e-05	-2.291978e-04	-4.143926e-13	
 1.512069e-06	 7.043275e-06	 5.999437e-06	 8.924776e-05	 1.386681e-05	 8.586487e-06	 5.037658e-06	-3.611591e-05	 1.222310e-05	-6.660224e-06	 3.894321e-05	 3.565214e-05	 1.571493e-04	 3.769649e-04	 1.814080e-04	 5.844287e-05	-1.529987e-05	-3.659729e-05	-3.691931e-05	-6.041724e-05	-3.401532e-05	 9.859099e-05	 1.190904e-04	 1.085511e-04	 2.592052e-04	 4.894429e-04	 3.304664e-04	 1.459852e-04	 1.313455e-04	 2.166341e-04	 7.586934e-05	 3.606513e-05	 8.200887e-05	-1.591066e-06	 5.654070e-06	 3.425901e-06	-9.218375e-08	 3.831483e-05	 1.991544e-06	-2.607755e-08	-1.255301e-06	 6.291146e-09	-1.689331e-06	 5.505407e-05	 6.824983e-06	 2.079155e-05	 1.714766e-05	-1.412337e-05	-3.786780e-05	 3.568272e-05	 2.191752e-03	-4.365508e-06	-8.721359e-07	 9.865413e-07	 1.296588e-06	-2.723200e-06	 1.148050e-05	-3.845594e-15	
-1.085144e-05	-5.062540e-06	 5.722393e-05	-4.245195e-05	 1.809334e-04	-6.495324e-06	-3.158242e-05	 1.450898e-04	-1.671983e-05	 2.974399e-05	 1.996960e-04	 3.814996e-05	-2.676234e-05	-9.926874e-06	 2.310187e-04	-2.056117e-05	 1.803118e-04	-1.163842e-05	-5.318411e-05	 1.068536e-04	 2.695681e-06	 1.649460e-04	 3.113002e-04	 1.498217e-04	 1.346113e-04	 2.328431e-04	 4.147183e-04	 6.627227e-04	 2.776252e-04	 2.421690e-04	 4.397963e-04	 6.388543e-04	 7.026399e-04	 1.191733e-05	 8.206583e-06	 1.236877e-06	 4.503593e-06	 1.991544e-06	 8.469102e-05	 4.646711e-06	 2.899975e-06	 3.460880e-07	-3.071103e-06	 8.966931e-06	 2.546502e-05	-1.332092e-06	-3.502623e-06	 3.726457e-05	-7.358191e-06	-2.514642e-05	 2.408164e-03	-4.396841e-06	 4.155990e-07	-5.551155e-07	-5.006158e-08	-1.705679e-05	-1.703287e-05	 1.115497e-13	
 5.413517e-06	 5.057603e-05	 6.656748e-05	-9.407168e-05	-1.227404e-04	-6.204911e-05	-1.264569e-04	-1.723898e-04	-7.968338e-05	-5.057960e-05	-1.523536e-05	 4.499315e-05	-6.434389e-05	 2.369085e-05	 4.206452e-05	-8.941926e-05	-1.110248e-04	-2.992939e-05	-8.514386e-05	-1.406399e-04	-6.881556e-05	-8.343215e-05	-6.527175e-05	-3.010874e-05	-1.551610e-04	-5.685431e-05	-1.758421e-05	 4.178136e-04	 3.620419e-04	 3.528348e-04	 3.266699e-04	 3.799041e-04	 2.954632e-04	-4.197147e-06	 2.983546e-07	 6.598977e-06	-1.137428e-06	-2.607755e-08	 4.646711e-06	 2.979206e-05	 3.269320e-06	-3.278377e-07	 2.203425e-07	-8.247886e-06	-4.173344e-05	 7.318925e-06	-1.654658e-05	-5.398796e-06	-2.792975e-05	 9.295173e-05	 2.116342e-03	 6.341180e-07	 1.462620e-07	-2.499368e-08	-2.046876e-08	-2.778279e-05	 6.432909e-05	 1.302204e-13	
 2.442166e-06	 2.636641e-05	 2.870428e-05	-6.246619e-05	-5.964824e-05	-6.579137e-05	-1.104067e-05	-3.056083e-05	-7.710710e-05	-3.443941e-05	-6.919328e-06	-1.982030e-05	 6.197831e-05	 2.029086e-04	 1.941824e-04	-6.556039e-05	-6.494562e-05	-7.451313e-05	 4.803424e-06	-2.111662e-05	-1.045404e-04	-6.519927e-05	-1.515782e-05	-5.735005e-06	 2.842008e-05	 1.853095e-04	 2.142238e-04	 5.870886e-04	 6.060192e-04	 6.346144e-04	 6.048083e-04	 5.576661e-04	 5.054081e-04	-1.724497e-06	 1.452374e-06	-1.023331e-06	-4.891871e-06	-1.255301e-06	 2.899975e-06	 3.269320e-06	 3.242321e-05	 9.716529e-08	-1.423385e-06	-9.876936e-06	-2.329604e-05	-4.391560e-06	 8.036014e-07	-1.331312e-05	-2.908130e-06	 5.276618e-05	 1.352545e-03	-2.719081e-07	 1.421063e-06	 1.054954e-06	-9.167816e-07	-1.615836e-05	 2.994223e-05	 5.545165e-14	
-2.700276e-06	 7.045085e-06	 5.339920e-05	-5.182434e-05	-4.397243e-05	-4.079029e-05	-8.194301e-05	 1.413022e-06	 1.156477e-04	-1.164300e-04	-6.131036e-05	-1.646894e-04	-7.406225e-05	-1.742024e-04	-3.411734e-04	-3.681538e-05	-2.438526e-05	-3.046924e-05	-7.245216e-05	 1.554215e-05	 9.915120e-05	 3.795449e-05	 1.028728e-04	-5.908694e-07	 6.641679e-05	-4.106235e-05	-1.808763e-04	-2.593972e-04	-2.534070e-04	-1.186247e-04	 1.805885e-05	 6.131617e-05	-5.999844e-05	 2.668581e-06	-1.849819e-06	-1.427402e-06	 4.796221e-06	 6.291146e-09	 3.460880e-07	-3.278377e-07	 9.716529e-08	 4.655580e-05	 1.001737e-06	 2.961967e-06	 1.379766e-05	 1.438775e-05	-2.657058e-05	-1.099727e-05	 4.904214e-05	-5.024783e-05	-1.660269e-04	 4.161266e-07	 2.842067e-06	 1.654040e-06	-1.833980e-06	-9.078994e-06	 1.440115e-05	 1.130497e-13	
-9.288625e-06	-3.497985e-05	 1.815715e-05	 3.957915e-06	 2.067144e-05	 2.839972e-05	 2.422863e-05	 6.229034e-05	 4.041530e-05	 3.522375e-05	-5.789202e-05	-9.470819e-05	-9.991780e-05	-2.193366e-04	-1.879067e-04	 2.751778e-05	 6.498415e-05	 8.053976e-05	 4.470554e-05	 8.210198e-05	 8.499660e-05	 1.434522e-04	 4.650050e-05	 2.001174e-05	 2.566036e-05	-1.229319e-04	-1.012864e-04	-2.363996e-05	-1.935820e-04	-1.575128e-04	-7.236317e-05	-1.659448e-04	-1.877002e-04	 2.173691e-06	 8.708214e-07	-6.545231e-06	 2.940795e-06	-1.689331e-06	-3.071103e-06	 2.203425e-07	-1.423385e-06	 1.001737e-06	 6.672289e-05	-1.353697e-06	-1.941263e-06	-3.510095e-06	-3.048881e-07	 2.436547e-05	 2.259985e-05	-1.695802e-04	-3.712800e-04	-4.934773e-07	-1.143195e-06	 1.992127e-06	 2.438977e-06	 8.028380e-06	-4.169601e-05	 3.022755e-14	
-8.730519e-06	-4.496606e-06	-2.647634e-04	 1.512458e-03	 9.602267e-04	 5.205376e-04	 2.612282e-04	 4.168632e-04	 1.022939e-03	 3.938418e-05	 7.556321e-04	 9.996641e-04	 1.018047e-03	 3.322034e-04	-2.676046e-04	 3.911043e-04	 5.118370e-05	-3.137996e-04	-5.809046e-04	-5.155702e-04	 1.878322e-04	 1.133390e-03	 1.475779e-03	 1.732743e-03	 2.066845e-03	 1.506961e-03	 6.030495e-04	 4.717459e-03	 3.708124e-03	 3.662856e-03	 3.187157e-03	 4.249004e-03	 5.356489e-03	-7.080656e-07	 1.960322e-05	 2.467358e-05	 4.984010e-05	 5.505407e-05	 8.966931e-06	-8.247886e-06	-9.876936e-06	 2.961967e-06	-1.353697e-06	 3.029541e-03	 5.310936e-04	 2.143801e-04	-8.547033e-05	 2.026346e-05	-5.506729e-05	 9.762238e-04	-1.386212e-02	-3.022168e-06	-1.048876e-05	-4.732368e-06	 5.734139e-06	-2.145171e-05	-1.412213e-04	-5.284084e-13	
-9.857721e-06	 1.979275e-04	 6.131962e-04	-1.132097e-04	 1.682672e-03	-5.577895e-04	-5.642785e-04	 9.523165e-04	-1.216648e-04	 6.721589e-04	-2.906163e-03	-4.711529e-04	 3.299510e-04	-2.234425e-03	 3.193992e-04	-5.828632e-04	 7.336348e-04	-1.161442e-03	-9.295958e-04	 4.938906e-04	-4.131982e-04	 5.784751e-04	-1.785238e-03	 3.672868e-04	 4.880511e-04	-1.926755e-03	 4.092332e-04	-7.373096e-03	-4.859536e-03	-3.309030e-03	-4.687113e-03	-5.925680e-03	-4.361017e-03	 2.190733e-05	 5.936512e-06	 3.052982e-05	 6.521567e-05	 6.824983e-06	 2.546502e-05	-4.173344e-05	-2.329604e-05	 1.379766e-05	-1.941263e-06	 5.310936e-04	 6.762063e-03	 3.082809e-04	-6.273541e-05	-3.779905e-04	 2.230696e-04	 4.260195e-04	 7.474564e-03	-3.624885e-05	-1.049932e-05	-4.478758e-05	-2.824047e-05	-1.689858e-04	 2.813886e-04	 1.240465e-12	
-5.754520e-05	-1.432703e-04	 4.313807e-05	 4.604094e-04	 5.320967e-04	 1.744219e-03	 2.181630e-04	 4.396015e-04	 8.417369e-04	 5.456787e-04	 2.041177e-06	-2.033394e-03	 5.152730e-04	 3.220653e-04	-2.244531e-04	 3.693352e-04	 3.373245e-04	 1.271172e-03	 3.462395e-05	 2.412633e-04	 5.501304e-04	 8.947633e-04	 6.847093e-04	-9.183594e-04	 1.265914e-03	 1.137768e-03	 8.221200e-04	 1.705394e-03	 1.871272e-03	 2.758025e-03	 2.289696e-03	 4.254478e-04	 5.243210e-04	-1.522703e-05	-5.034557e-06	 5.214865e-05	 2.973390e-05	 2.079155e-05	-1.332092e-06	 7.318925e-06	-4.391560e-06	 1.438775e-05	-3.510095e-06	 2.143801e-04	 3.082809e-04	 2.320032e-03	 1.714183e-05	-1.744023e-04	-1.415434e-04	 4.402342e-04	 1.187070e-02	-2.021384e-05	-1.774605e-05	-9.459193e-07	 2.221972e-05	 6.531091e-06	-2.409177e-04	 4.377186e-17	
-1.980946e-05	-2.058814e-05	 5.445955e-04	-1.798380e-04	-1.948644e-04	-2.405512e-04	 1.292334e-03	 7.390601e-04	-1.201783e-04	 1.413806e-04	-1.364979e-04	-4.632669e-04	-1.922412e-03	-1.037177e-03	-6.802781e-06	-4.230737e-06	-1.482523e-04	-9.181326e-05	 1.234119e-03	 6.849628e-04	 2.462728e-05	-3.461456e-04	-4.465616e-04	-9.833124e-04	-2.026737e-03	-1.017631e-03	-1.983628e-04	-7.301143e-03	-6.611847e-03	-7.703968e-03	-8.291571e-03	-6.367921e-03	-6.541533e-03	 2.452765e-07	-4.158284e-05	-4.791783e-05	-6.933974e-05	 1.714766e-05	-3.502623e-06	-1.654658e-05	 8.036014e-07	-2.657058e-05	-3.048881e-07	-8.547033e-05	-6.273541e-05	 1.714183e-05	 2.478591e-03	 2.081667e-04	 1.250891e-04	-5.850223e-04	 1.390793e-02	 1.409304e-06	 3.759388e-06	 2.765267e-05	-1.521151e-05	-1.504963e-06	 1.552572e-04	 1.139103e-12	
